2000	0	21	1
ROADMAP 1001
ROADMAP 1002
ROADMAP 1003
ROADMAP 1004
ROADMAP 1005
ROADMAP 1006
ROADMAP 1007
ROADMAP 1008
ROADMAP 1009
ROADMAP 1010
ROADMAP 1011
ROADMAP 1012
ROADMAP 1013
ROADMAP 1014
ROADMAP 1015
1005	0	79	80
-1006	33	79	34
ROADMAP 1016
1006	73	0	2
ROADMAP 1017
ROADMAP 1018
ROADMAP 1019
ROADMAP 1020
ROADMAP 1021
ROADMAP 1022
ROADMAP 1023
ROADMAP 1024
ROADMAP 1025
ROADMAP 1026
ROADMAP 1027
ROADMAP 1028
ROADMAP 1029
ROADMAP 1030
-1507	0	6	-1
ROADMAP 1031
1009	0	49	80
-1010	17	79	53
ROADMAP 1032
1010	58	0	22
ROADMAP 501
ROADMAP 502
ROADMAP 503
ROADMAP 504
ROADMAP 505
ROADMAP 506
ROADMAP 507
ROADMAP 508
ROADMAP 509
ROADMAP 510
ROADMAP 511
ROADMAP 512
ROADMAP 513
ROADMAP 514
ROADMAP 515
ROADMAP 516
ROADMAP 517
ROADMAP 518
ROADMAP 519
ROADMAP 520
ROADMAP 521
ROADMAP 522
ROADMAP 523
ROADMAP 524
ROADMAP 525
-1006	0	60	-1
-1016	0	72	53
ROADMAP 526
ROADMAP 527
ROADMAP 528
ROADMAP 529
ROADMAP 530
ROADMAP 531
ROADMAP 532
ROADMAP 1501
ROADMAP 1502
ROADMAP 1503
ROADMAP 1504
ROADMAP 1505
ROADMAP 1506
ROADMAP 1507
ROADMAP 1508
ROADMAP 1509
ROADMAP 1510
ROADMAP 1511
ROADMAP 1512
ROADMAP 1513
ROADMAP 1514
ROADMAP 1515
ROADMAP 1516
ROADMAP 1517
ROADMAP 1518
ROADMAP 1519
ROADMAP 1520
ROADMAP 1521
ROADMAP 1522
ROADMAP 1523
ROADMAP 1524
ROADMAP 1525
ROADMAP 1526
ROADMAP 1527
ROADMAP 1528
-514	21	41	34
ROADMAP 1529
ROADMAP 1530
-512	0	26	-1
ROADMAP 1531
ROADMAP 1532
ROADMAP 533
ROADMAP 534
ROADMAP 535
ROADMAP 536
ROADMAP 537
510	0	8	78
ROADMAP 538
509	26	0	44
ROADMAP 539
ROADMAP 540
ROADMAP 541
ROADMAP 542
ROADMAP 543
ROADMAP 544
ROADMAP 545
ROADMAP 546
ROADMAP 547
ROADMAP 548
ROADMAP 549
ROADMAP 550
ROADMAP 551
ROADMAP 552
ROADMAP 553
1508	41	0	39
ROADMAP 554
-1508	79	79	78
ROADMAP 555
ROADMAP 556
ROADMAP 557
1519	51	0	29
ROADMAP 558
ROADMAP 559
1055	0	59	80
-1056	31	58	30
ROADMAP 560
-502	2	71	-1
1056	2	0	6
ROADMAP 561
ROADMAP 562
ROADMAP 563
ROADMAP 564
ROADMAP 1033
1023	0	42	80
ROADMAP 1034
1024	22	0	58
ROADMAP 1035
ROADMAP 1036
ROADMAP 1037
ROADMAP 1038
ROADMAP 1039
-1024	0	75	-1
-1034	0	21	17
ROADMAP 1040
ROADMAP 1041
1	0	46	80
-2	40	73	67
ROADMAP 1042
2	48	0	32
ROADMAP 1043
ROADMAP 1044
ROADMAP 1045
ROADMAP 1046
ROADMAP 1047
ROADMAP 1048
ROADMAP 1049
ROADMAP 1050
ROADMAP 1051
-1003	0	70	-1
ROADMAP 1052
ROADMAP 1053
ROADMAP 1054
ROADMAP 1055
ROADMAP 1056
-502	0	20	-1
ROADMAP 1057
ROADMAP 1058
ROADMAP 1059
1010	0	44	80
-1031	0	16	-1
-1009	0	79	52
ROADMAP 1060
ROADMAP 1061
ROADMAP 1062
ROADMAP 1063
ROADMAP 1064
ROADMAP 1533
ROADMAP 1534
ROADMAP 1535
ROADMAP 1536
-527	0	3	-1
ROADMAP 1537
ROADMAP 1538
ROADMAP 1539
1010	0	67	80
-1031	0	16	-1
-1009	0	79	29
ROADMAP 1540
ROADMAP 1541
ROADMAP 1542
ROADMAP 1543
ROADMAP 1544
-1534	0	1	-1
ROADMAP 1545
ROADMAP 1546
ROADMAP 1547
ROADMAP 1548
ROADMAP 1549
ROADMAP 1550
ROADMAP 1551
ROADMAP 1552
ROADMAP 1553
ROADMAP 1554
ROADMAP 1555
ROADMAP 1556
ROADMAP 1557
-1508	0	46	-1
-553	0	40	7
ROADMAP 1558
ROADMAP 1559
ROADMAP 1560
ROADMAP 1561
-10	0	17	-1
ROADMAP 1562
ROADMAP 1563
1063	27	0	53
ROADMAP 1564
1064	0	15	80
ROADMAP 1
ROADMAP 2
ROADMAP 3
ROADMAP 4
ROADMAP 5
ROADMAP 6
ROADMAP 7
ROADMAP 8
ROADMAP 9
ROADMAP 10
ROADMAP 11
ROADMAP 12
ROADMAP 13
ROADMAP 14
ROADMAP 15
1514	0	69	80
-1513	36	79	46
ROADMAP 16
1513	56	0	24
ROADMAP 17
508	0	44	80
-507	39	79	74
ROADMAP 18
507	42	0	38
ROADMAP 19
1532	63	0	17
ROADMAP 20
1531	0	55	80
-1532	36	79	60
ROADMAP 21
ROADMAP 22
ROADMAP 23
ROADMAP 24
ROADMAP 25
520	0	60	80
ROADMAP 26
519	50	0	30
ROADMAP 27
ROADMAP 28
-22	41	39	33
ROADMAP 29
ROADMAP 30
ROADMAP 31
1062	2	0	78
ROADMAP 32
1061	11	0	69
ROADMAP 1065
ROADMAP 1066
ROADMAP 1067
ROADMAP 1068
ROADMAP 1069
ROADMAP 1070
ROADMAP 1071
ROADMAP 1072
ROADMAP 1073
1011	0	25	80
ROADMAP 1074
1012	19	0	61
ROADMAP 1075
539	0	56	79
ROADMAP 1076
-8	0	16	-1
540	30	0	33
ROADMAP 1077
-1032	0	26	-1
ROADMAP 1078
ROADMAP 1079
ROADMAP 1080
ROADMAP 1081
ROADMAP 1082
ROADMAP 1083
ROADMAP 1084
ROADMAP 1085
ROADMAP 1086
ROADMAP 1087
ROADMAP 1088
ROADMAP 1089
520	0	48	80
25	0	0	43
ROADMAP 1090
26	0	34	50
519	0	0	64
ROADMAP 1091
ROADMAP 1092
ROADMAP 1093
ROADMAP 1094
ROADMAP 1095
1540	0	36	65
586	0	0	22
ROADMAP 1096
1010	0	28	80
-1031	0	16	-1
-1009	0	79	68
ROADMAP 565
ROADMAP 566
ROADMAP 567
-1540	0	35	-1
ROADMAP 568
ROADMAP 569
ROADMAP 570
ROADMAP 571
-1005	0	55	-1
ROADMAP 572
-551	1	69	51
ROADMAP 573
ROADMAP 574
ROADMAP 575
1554	44	0	36
ROADMAP 576
1553	0	45	80
-1554	33	79	67
ROADMAP 577
-1518	0	63	-1
ROADMAP 578
ROADMAP 579
ROADMAP 580
ROADMAP 581
ROADMAP 582
ROADMAP 583
ROADMAP 584
ROADMAP 585
1010	0	48	80
-1031	0	16	-1
-1009	0	79	48
ROADMAP 586
1540	0	34	65
ROADMAP 587
ROADMAP 588
ROADMAP 589
-1063	21	79	20
ROADMAP 590
1563	52	0	18
ROADMAP 591
ROADMAP 592
-1088	17	79	21
ROADMAP 593
1052	25	0	36
ROADMAP 594
-1003	0	50	-1
1051	0	0	9
ROADMAP 595
ROADMAP 596
ROADMAP 1565
1514	0	39	80
15	0	0	36
-1513	0	79	76
ROADMAP 1566
16	0	21	56
1513	0	0	45
ROADMAP 1567
-539	0	17	-1
ROADMAP 1568
ROADMAP 1569
ROADMAP 1570
ROADMAP 1571
ROADMAP 1572
ROADMAP 1573
ROADMAP 1574
-1514	0	61	24
ROADMAP 1575
ROADMAP 1576
ROADMAP 1577
ROADMAP 1578
ROADMAP 1579
ROADMAP 1580
ROADMAP 1581
ROADMAP 1582
ROADMAP 1583
-1504	0	1	-1
ROADMAP 1584
-17	0	26	-1
-508	0	79	26
ROADMAP 1585
ROADMAP 1586
ROADMAP 1587
-544	0	8	-1
ROADMAP 1588
ROADMAP 1589
ROADMAP 1590
ROADMAP 1591
568	0	56	80
-567	42	43	29
ROADMAP 1592
-586	0	15	-1
-1540	0	64	0
ROADMAP 1593
ROADMAP 1594
-550	7	79	6
ROADMAP 1595
ROADMAP 1596
ROADMAP 1097
-1044	27	72	19
ROADMAP 1098
-1040	0	46	-1
ROADMAP 1099
ROADMAP 1100
ROADMAP 1101
ROADMAP 1102
ROADMAP 1103
-567	0	14	-1
1540	0	0	65
ROADMAP 1104
-1031	0	5	-1
-1009	0	79	10
ROADMAP 1105
ROADMAP 1106
547	30	0	50
ROADMAP 1107
1551	0	61	80
-1552	43	79	61
ROADMAP 1108
1552	43	0	36
ROADMAP 1109
550	0	59	80
-1594	0	6	-1
-549	22	79	49
ROADMAP 1110
549	65	0	15
ROADMAP 1111
-1101	26	79	25
ROADMAP 1112
ROADMAP 1113
1067	0	78	80
-1068	55	79	56
ROADMAP 1114
ROADMAP 1115
1541	0	74	80
-1542	27	79	39
ROADMAP 1116
-591	0	71	6
ROADMAP 1117
ROADMAP 1118
ROADMAP 1119
1088	13	0	67
ROADMAP 1120
1087	0	4	80
ROADMAP 1121
ROADMAP 1122
ROADMAP 1123
614	0	34	44
ROADMAP 1124
613	32	0	40
ROADMAP 1125
ROADMAP 1126
ROADMAP 1127
-3	0	25	-1
ROADMAP 1128
ROADMAP 597
ROADMAP 598
ROADMAP 599
ROADMAP 600
ROADMAP 601
-1586	0	62	-1
ROADMAP 602
-559	0	15	-1
-1055	0	79	15
ROADMAP 603
1522	0	13	80
ROADMAP 604
1521	15	0	56
ROADMAP 605
ROADMAP 606
-11	0	24	-1
ROADMAP 607
ROADMAP 608
ROADMAP 609
ROADMAP 610
ROADMAP 611
-45	0	65	-1
ROADMAP 612
ROADMAP 613
ROADMAP 614
ROADMAP 615
1098	0	6	33
1044	12	0	41
ROADMAP 616
1043	0	21	80
ROADMAP 617
ROADMAP 618
-21	0	36	-1
ROADMAP 619
589	14	0	21
-1063	14	79	34
ROADMAP 620
590	0	3	52
1563	0	0	26
ROADMAP 621
ROADMAP 622
ROADMAP 623
1010	0	58	80
-1031	0	16	-1
-1009	0	79	38
ROADMAP 624
1540	0	6	53
ROADMAP 625
ROADMAP 626
-613	0	38	-1
-1124	0	31	-1
ROADMAP 627
1568	42	0	38
ROADMAP 628
1567	0	5	42
ROADMAP 33
ROADMAP 34
ROADMAP 35
ROADMAP 36
ROADMAP 37
ROADMAP 38
ROADMAP 39
ROADMAP 40
ROADMAP 41
ROADMAP 42
ROADMAP 43
-516	62	40	22
ROADMAP 44
516	73	0	7
ROADMAP 45
534	74	0	6
ROADMAP 46
533	0	78	80
ROADMAP 47
-1547	0	71	-1
ROADMAP 48
ROADMAP 49
ROADMAP 50
ROADMAP 51
-1076	0	17	-1
8	0	0	62
ROADMAP 52
7	0	31	41
ROADMAP 53
-609	36	79	35
ROADMAP 54
ROADMAP 55
ROADMAP 56
ROADMAP 57
-567	0	41	-1
1540	0	0	38
ROADMAP 58
-1009	0	46	-1
-1095	6	1	-1
-586	6	21	-1
-1540	6	64	61
ROADMAP 59
1005	0	39	80
1015	0	0	29
ROADMAP 60
1016	0	23	73
1006	0	0	4
ROADMAP 61
ROADMAP 62
ROADMAP 63
1517	8	0	72
ROADMAP 64
-577	0	3	-1
1518	0	0	76
ROADMAP 1597
ROADMAP 1598
ROADMAP 1599
ROADMAP 1600
ROADMAP 1601
-505	0	20	-1
ROADMAP 1602
ROADMAP 1603
ROADMAP 1604
ROADMAP 1605
ROADMAP 1606
ROADMAP 1607
609	0	15	80
-53	0	35	31
ROADMAP 1608
610	0	4	78
ROADMAP 1609
ROADMAP 1610
ROADMAP 1611
ROADMAP 1612
ROADMAP 1613
ROADMAP 1614
-581	0	20	-1
ROADMAP 1615
ROADMAP 1616
ROADMAP 1617
ROADMAP 1618
-1581	0	12	-1
ROADMAP 1619
568	0	21	63
ROADMAP 1620
-1060	0	18	-1
-1540	3	30	-1
567	3	0	27
ROADMAP 1621
34	63	0	17
ROADMAP 1622
33	0	67	78
ROADMAP 1623
ROADMAP 1624
ROADMAP 1625
-1617	0	35	-1
ROADMAP 1626
ROADMAP 1627
ROADMAP 1628
ROADMAP 1129
ROADMAP 1130
1598	0	41	80
-1597	31	79	70
ROADMAP 1131
ROADMAP 1132
ROADMAP 1133
ROADMAP 1134
ROADMAP 1135
ROADMAP 1136
-1512	20	79	31
ROADMAP 1137
1577	0	10	80
ROADMAP 1138
1578	0	14	48
ROADMAP 1139
ROADMAP 1140
-1558	1	79	0
ROADMAP 1141
ROADMAP 1142
-1604	0	67	-1
ROADMAP 1143
527	0	1	78
ROADMAP 1144
528	0	19	80
ROADMAP 1145
1141	41	0	39
ROADMAP 1146
-1604	0	17	-1
1142	0	0	12
ROADMAP 1147
ROADMAP 1148
ROADMAP 1149
ROADMAP 1150
ROADMAP 1151
ROADMAP 1152
-34	0	24	-1
-1621	0	62	27
ROADMAP 1153
ROADMAP 1154
ROADMAP 1155
ROADMAP 1156
ROADMAP 1157
ROADMAP 1158
ROADMAP 1159
1628	0	12	80
ROADMAP 1160
1627	13	0	52
ROADMAP 629
ROADMAP 630
ROADMAP 631
ROADMAP 632
ROADMAP 633
ROADMAP 634
ROADMAP 635
ROADMAP 636
ROADMAP 637
-1077	0	26	-1
1032	0	0	53
ROADMAP 638
1009	0	66	80
1031	0	0	12
ROADMAP 639
1514	0	68	80
15	0	0	36
-1513	0	79	47
ROADMAP 640
16	0	0	32
ROADMAP 641
-1070	0	21	-1
ROADMAP 642
ROADMAP 643
ROADMAP 644
-1086	24	11	-1
ROADMAP 645
-65	0	11	-1
ROADMAP 646
ROADMAP 647
1603	13	0	67
ROADMAP 648
1604	0	48	80
ROADMAP 649
-598	0	62	-1
ROADMAP 650
ROADMAP 651
612	0	59	66
-611	44	13	-1
45	44	0	5
ROADMAP 652
-534	0	51	-1
-45	0	73	45
ROADMAP 653
ROADMAP 654
-1589	8	79	7
ROADMAP 655
524	0	15	80
ROADMAP 656
523	16	0	7
ROADMAP 657
ROADMAP 658
ROADMAP 659
545	0	29	80
ROADMAP 660
546	48	0	32
ROADMAP 1161
-1541	0	17	-1
-70	30	79	52
ROADMAP 1162
70	48	0	9
ROADMAP 1163
1108	0	7	43
1552	0	0	44
ROADMAP 1164
1551	0	62	80
1107	0	0	43
-1552	0	79	60
ROADMAP 1165
ROADMAP 1166
ROADMAP 1167
-563	1	79	5
ROADMAP 1168
ROADMAP 1169
ROADMAP 1170
ROADMAP 1171
ROADMAP 1172
ROADMAP 1173
1556	60	0	20
ROADMAP 1174
1555	0	67	80
-1556	47	79	59
ROADMAP 1175
ROADMAP 1176
ROADMAP 1177
1600	23	0	57
ROADMAP 1178
1599	0	28	80
ROADMAP 1179
-26	0	49	-1
ROADMAP 1180
ROADMAP 1181
ROADMAP 1182
ROADMAP 1183
-1540	0	38	-1
567	0	0	41
ROADMAP 1184
568	0	18	80
1591	0	0	6
ROADMAP 1185
ROADMAP 1186
ROADMAP 1187
1529	0	2	79
ROADMAP 1188
-512	0	32	-1
1530	0	0	46
ROADMAP 1189
-607	0	43	-1
ROADMAP 1190
ROADMAP 1191
ROADMAP 1192
ROADMAP 661
1578	0	42	48
1138	0	0	46
-1137	22	9	3
ROADMAP 662
1577	12	0	68
ROADMAP 663
1128	14	0	66
ROADMAP 664
-3	0	4	-1
1127	0	0	54
ROADMAP 665
45	0	38	74
534	0	0	44
ROADMAP 666
533	0	41	80
46	0	0	41
ROADMAP 667
ROADMAP 668
ROADMAP 669
ROADMAP 670
ROADMAP 671
1513	0	35	80
-15	0	35	0
ROADMAP 672
1514	31	0	49
ROADMAP 673
ROADMAP 674
ROADMAP 675
-17	0	33	-1
-508	0	79	33
ROADMAP 676
1583	0	5	78
ROADMAP 677
599	31	0	49
ROADMAP 678
600	0	36	80
ROADMAP 679
ROADMAP 680
-13	0	49	-1
ROADMAP 681
511	69	0	11
ROADMAP 682
512	0	62	80
-511	43	79	64
ROADMAP 683
ROADMAP 684
-1647	0	61	-1
ROADMAP 685
-1037	8	79	7
ROADMAP 686
ROADMAP 687
-567	0	21	-1
1540	0	0	58
ROADMAP 688
-1009	0	67	-1
58	0	0	6
-1095	0	1	-1
-586	0	21	17
ROADMAP 689
-1099	61	51	47
ROADMAP 690
ROADMAP 691
1028	0	40	62
-1027	42	79	63
ROADMAP 692
ROADMAP 1629
-1121	21	79	20
ROADMAP 1630
ROADMAP 1631
1569	0	55	80
ROADMAP 1632
-79	0	43	-1
1570	0	0	35
ROADMAP 1633
ROADMAP 1634
ROADMAP 1635
ROADMAP 1636
ROADMAP 1637
ROADMAP 1638
-1558	0	20	-1
-1139	33	79	54
ROADMAP 1639
ROADMAP 1640
ROADMAP 1641
ROADMAP 1642
ROADMAP 1643
ROADMAP 1644
ROADMAP 1645
ROADMAP 1646
ROADMAP 1647
ROADMAP 1648
ROADMAP 1649
1110	0	31	65
549	0	0	46
ROADMAP 1650
550	0	27	80
-1594	0	6	-1
1109	0	0	20
ROADMAP 1651
ROADMAP 1652
ROADMAP 1653
-571	35	19	-1
1005	35	0	25
ROADMAP 1654
1006	0	54	80
-1015	0	32	-1
-1005	0	79	58
ROADMAP 1655
-569	0	47	-1
ROADMAP 1656
-1025	0	61	-1
ROADMAP 1657
1502	0	38	40
-1501	67	79	68
ROADMAP 1658
ROADMAP 1659
586	0	5	17
71	18	0	3
1009	18	8	41
ROADMAP 1660
1010	0	2	72
ROADMAP 65
65	32	17	18
ROADMAP 66
-1038	0	44	-1
ROADMAP 67
1047	0	0	80
ROADMAP 68
1048	1	0	77
ROADMAP 69
-1541	0	79	-1
ROADMAP 70
ROADMAP 71
1009	3	8	80
ROADMAP 72
1032	0	21	58
1010	0	0	43
ROADMAP 73
-1010	0	71	-1
-1032	0	57	49
ROADMAP 74
-1077	15	52	-1
1032	15	0	2
ROADMAP 75
1553	69	0	11
ROADMAP 76
1554	0	79	80
-576	0	32	-1
-1553	0	79	46
ROADMAP 77
ROADMAP 78
ROADMAP 79
-1570	0	6	-1
ROADMAP 80
ROADMAP 81
ROADMAP 82
ROADMAP 83
1542	0	37	80
-1115	0	26	-1
-1541	0	79	69
ROADMAP 84
70	0	74	80
-1161	0	29	-1
1541	0	0	34
ROADMAP 85
-54	0	44	-1
ROADMAP 86
ROADMAP 87
508	0	17	80
17	0	0	17
ROADMAP 88
18	0	30	42
507	0	0	68
ROADMAP 89
1102	12	0	68
ROADMAP 90
1101	5	0	75
ROADMAP 91
-1158	0	61	-1
ROADMAP 92
ROADMAP 93
574	0	45	80
-573	38	79	72
ROADMAP 94
-1029	0	3	-1
573	30	0	46
ROADMAP 95
-1091	0	58	-1
ROADMAP 96
-1054	34	79	33
ROADMAP 1193
ROADMAP 1194
ROADMAP 1195
1525	0	25	80
ROADMAP 1196
1526	4	0	50
ROADMAP 1197
-568	0	66	-1
ROADMAP 1198
ROADMAP 1199
ROADMAP 1200
-1156	3	79	8
ROADMAP 1201
612	0	9	66
651	0	0	23
ROADMAP 1202
-45	0	69	5
ROADMAP 1203
1602	35	0	16
ROADMAP 1204
1601	0	17	51
ROADMAP 1205
ROADMAP 1206
35	0	38	75
ROADMAP 1207
1621	0	35	63
34	0	0	52
ROADMAP 1208
33	0	38	80
-34	31	79	72
ROADMAP 1209
636	0	68	80
-635	50	77	59
ROADMAP 1210
635	56	0	1
ROADMAP 1211
-1008	0	72	2
ROADMAP 1212
-1595	4	79	3
ROADMAP 1213
-1136	0	13	-1
-1511	22	79	45
ROADMAP 1214
ROADMAP 1215
-631	0	2	-1
1559	64	0	13
ROADMAP 1216
1560	0	50	76
-1559	38	79	63
ROADMAP 1217
ROADMAP 1218
ROADMAP 1219
ROADMAP 1220
ROADMAP 1221
-1502	0	37	-1
ROADMAP 1222
-1575	3	44	-1
ROADMAP 1223
-1195	7	24	-1
-1525	7	79	32
ROADMAP 1224
ROADMAP 1661
ROADMAP 1662
ROADMAP 1663
568	0	25	80
1591	0	0	25
ROADMAP 1664
-1540	0	45	-1
567	0	0	27
ROADMAP 1665
1043	0	55	80
616	0	0	5
1097	2	0	27
-1044	2	72	51
ROADMAP 1666
-1040	0	18	-1
1098	0	0	33
615	0	0	12
1044	0	0	16
ROADMAP 1667
ROADMAP 1668
ROADMAP 1669
ROADMAP 1670
ROADMAP 1671
ROADMAP 1672
ROADMAP 1673
ROADMAP 1674
ROADMAP 1675
ROADMAP 1676
ROADMAP 1677
ROADMAP 1678
ROADMAP 1679
1580	0	8	80
ROADMAP 1680
1579	26	0	45
ROADMAP 1681
708	20	0	60
ROADMAP 1682
707	0	25	61
-1133	0	74	30
ROADMAP 1683
ROADMAP 1684
ROADMAP 1685
-1684	0	69	-1
ROADMAP 1686
ROADMAP 1687
1214	0	53	75
1511	11	0	47
ROADMAP 1688
1512	0	46	80
-1136	0	19	-1
1213	0	0	22
-1511	0	79	75
ROADMAP 1689
508	0	12	80
17	0	0	12
ROADMAP 1690
18	0	15	42
507	0	0	53
ROADMAP 1691
-1627	0	25	-1
-1160	0	12	-1
ROADMAP 1692
-657	0	26	-1
ROADMAP 693
1514	0	49	80
15	0	0	36
-1513	0	79	66
ROADMAP 694
16	0	11	56
1513	0	0	23
ROADMAP 695
ROADMAP 696
ROADMAP 697
-515	0	29	-1
1545	6	0	39
ROADMAP 698
1546	0	43	80
ROADMAP 699
ROADMAP 700
ROADMAP 701
564	0	41	80
ROADMAP 702
563	37	0	43
ROADMAP 703
ROADMAP 704
-1069	33	79	32
ROADMAP 705
ROADMAP 706
1633	0	66	79
ROADMAP 707
1134	0	62	79
-1133	61	74	72
ROADMAP 708
1133	61	0	19
ROADMAP 709
ROADMAP 710
-1134	0	41	-1
ROADMAP 711
1531	58	0	22
ROADMAP 712
1532	0	46	80
-20	0	35	-1
-1531	0	79	69
ROADMAP 713
ROADMAP 714
-1147	0	19	-1
ROADMAP 715
ROADMAP 716
ROADMAP 717
13	0	37	80
ROADMAP 718
14	36	0	34
ROADMAP 719
-1020	12	79	11
ROADMAP 720
-653	42	33	-1
ROADMAP 721
547	0	33	70
-1105	24	73	54
ROADMAP 722
548	49	0	1
ROADMAP 723
-1079	64	64	48
ROADMAP 724
1079	74	0	6
ROADMAP 1225
-1156	0	71	1
ROADMAP 1226
-1517	0	6	-1
-63	0	7	-1
1199	6	0	59
ROADMAP 1227
-94	0	12	-1
1029	0	0	67
ROADMAP 1228
1030	0	28	31
ROADMAP 1229
1174	0	34	47
-1556	0	79	14
ROADMAP 1230
-565	0	14	-1
1173	26	0	20
ROADMAP 1231
40	0	18	23
ROADMAP 1232
39	30	0	47
ROADMAP 1233
38	0	68	69
-37	45	79	45
ROADMAP 1234
37	65	0	15
ROADMAP 1235
ROADMAP 1236
ROADMAP 1237
ROADMAP 1238
-29	9	39	-1
ROADMAP 1239
-517	36	72	28
ROADMAP 1240
ROADMAP 1241
45	0	53	74
534	0	0	59
ROADMAP 1242
533	0	35	80
46	0	0	33
ROADMAP 1243
ROADMAP 1244
-1084	14	68	50
ROADMAP 1245
ROADMAP 1246
ROADMAP 1247
1609	0	26	60
ROADMAP 1248
1610	15	0	33
ROADMAP 1249
1174	0	21	47
-1556	0	79	25
ROADMAP 1250
-565	0	18	-1
1230	0	0	26
1173	0	0	35
ROADMAP 1251
1567	0	20	42
628	0	0	7
ROADMAP 1252
627	0	6	42
1568	0	0	44
ROADMAP 1253
ROADMAP 1254
-1220	13	73	28
ROADMAP 1255
ROADMAP 1256
-1700	38	79	37
ROADMAP 1257
1640	58	0	22
ROADMAP 1258
-1640	50	79	49
ROADMAP 1259
546	0	67	74
-659	5	27	-1
-545	5	79	39
ROADMAP 1260
545	66	0	6
ROADMAP 1261
625	52	0	28
ROADMAP 1262
-1124	0	17	-1
626	0	0	9
-625	37	79	63
ROADMAP 1263
592	0	1	17
-1088	0	79	15
ROADMAP 1264
591	7	0	64
ROADMAP 1265
1589	0	21	80
-654	0	7	-1
ROADMAP 1266
1590	5	0	61
ROADMAP 1267
-1010	0	77	-1
-1032	0	57	55
ROADMAP 1268
74	0	10	15
-1077	0	52	-1
1032	0	0	22
ROADMAP 1269
ROADMAP 1270
-718	0	8	-1
ROADMAP 1271
-1047	28	79	27
ROADMAP 1272
ROADMAP 1273
ROADMAP 1274
ROADMAP 1275
1269	0	7	80
ROADMAP 1276
-718	0	12	-1
1270	0	0	67
ROADMAP 1277
1041	0	30	40
-2	0	73	3
ROADMAP 1278
1042	56	0	24
ROADMAP 1279
ROADMAP 1280
ROADMAP 1281
1219	0	48	80
1254	37	0	11
ROADMAP 1282
1253	0	71	79
1220	40	0	27
ROADMAP 1283
ROADMAP 1284
-1642	17	79	30
ROADMAP 1285
641	0	12	58
ROADMAP 1286
-97	0	43	-1
642	3	0	29
ROADMAP 1287
1683	44	0	31
ROADMAP 1288
1684	0	65	80
-1683	50	79	64
ROADMAP 1693
1599	0	41	80
1178	0	0	16
ROADMAP 1694
1177	7	0	23
1600	7	0	50
ROADMAP 1695
28	0	31	41
-22	0	39	-1
ROADMAP 1696
27	28	0	38
ROADMAP 1697
556	0	16	80
ROADMAP 1698
555	20	0	60
ROADMAP 1699
ROADMAP 1700
ROADMAP 1701
ROADMAP 1702
ROADMAP 1703
575	34	0	44
1554	34	0	2
ROADMAP 1704
1553	0	65	80
576	0	0	33
-1554	0	79	47
ROADMAP 1705
32	58	0	11
1061	58	0	11
ROADMAP 1706
1062	0	69	80
-1061	29	79	39
ROADMAP 1707
ROADMAP 1708
ROADMAP 1709
1149	45	0	34
ROADMAP 1710
ROADMAP 1711
-1635	12	79	11
ROADMAP 1712
ROADMAP 1713
1523	74	0	6
ROADMAP 1714
-1523	45	79	44
ROADMAP 1715
-1224	0	53	-1
1110	23	0	3
ROADMAP 1716
-549	0	68	-1
-1110	0	64	53
ROADMAP 1717
ROADMAP 1718
ROADMAP 1719
-1005	0	0	-1
571	0	0	20
-1653	0	34	15
ROADMAP 1720
552	0	78	80
ROADMAP 1721
1243	0	64	80
1084	23	0	41
ROADMAP 1722
1083	0	33	80
ROADMAP 1723
ROADMAP 1724
ROADMAP 725
ROADMAP 726
ROADMAP 727
1118	0	51	80
ROADMAP 728
1117	53	0	26
ROADMAP 729
1246	52	0	28
ROADMAP 730
1245	0	59	80
-1246	40	79	73
ROADMAP 731
ROADMAP 732
ROADMAP 733
ROADMAP 734
-529	0	50	-1
ROADMAP 735
ROADMAP 736
-1538	0	20	-1
ROADMAP 737
1043	0	7	80
616	0	0	5
1665	0	0	2
ROADMAP 738
1098	0	10	33
615	0	0	12
1044	0	0	45
ROADMAP 739
103	22	0	55
-1185	22	16	13
ROADMAP 740
104	0	31	46
ROADMAP 741
-1145	0	21	-1
ROADMAP 742
-107	0	2	-1
ROADMAP 743
1675	22	0	58
ROADMAP 744
1676	0	10	80
ROADMAP 745
107	0	58	80
ROADMAP 746
108	35	0	10
ROADMAP 747
10	0	12	80
ROADMAP 748
9	20	0	60
ROADMAP 749
1633	35	0	45
ROADMAP 750
-706	26	38	-1
-1633	26	78	67
ROADMAP 751
614	0	72	80
-613	59	58	45
ROADMAP 752
-1262	0	25	-1
-626	0	8	-1
1124	0	0	32
613	0	0	13
ROADMAP 753
-1698	0	14	-1
ROADMAP 754
ROADMAP 755
ROADMAP 756
ROADMAP 757
ROADMAP 758
-1279	0	54	-1
ROADMAP 759
-1502	0	6	-1
1221	0	0	41
ROADMAP 760
1222	14	0	3
-1575	14	44	-1
1222	14	3	21
ROADMAP 761
1071	35	0	45
ROADMAP 762
1072	0	30	80
ROADMAP 763
ROADMAP 764
-583	0	39	-1
ROADMAP 765
ROADMAP 766
-1710	0	45	-1
-1150	10	18	-1
ROADMAP 767
1274	0	23	80
ROADMAP 768
1273	34	0	44
ROADMAP 769
ROADMAP 770
-19	0	43	-1
ROADMAP 771
-1549	34	67	21
ROADMAP 772
ROADMAP 773
-1024	0	72	-1
-1034	0	21	15
ROADMAP 774
-1098	0	16	-1
1040	0	0	63
ROADMAP 775
-1733	0	14	-1
-91	0	17	-1
1158	0	0	47
ROADMAP 776
1157	0	30	80
ROADMAP 777
ROADMAP 778
ROADMAP 779
ROADMAP 780
-1011	0	3	-1
ROADMAP 781
ROADMAP 782
ROADMAP 783
ROADMAP 784
-1678	0	59	-1
ROADMAP 785
-1026	0	32	-1
ROADMAP 786
-1046	0	53	-1
ROADMAP 787
-1087	0	62	-1
ROADMAP 788
ROADMAP 789
ROADMAP 790
ROADMAP 791
ROADMAP 792
ROADMAP 793
1080	0	44	79
723	9	0	36
ROADMAP 794
724	0	39	74
1079	0	0	39
ROADMAP 795
-1283	0	33	-1
1529	9	0	37
ROADMAP 796
1530	0	16	53
-1187	37	2	-1
-1529	37	78	75
ROADMAP 797
1038	0	38	80
685	26	0	8
-1037	26	79	75
ROADMAP 798
686	0	71	80
1037	26	0	45
ROADMAP 799
1644	0	59	80
-1643	53	73	69
ROADMAP 800
1643	56	0	9
ROADMAP 801
-92	12	79	11
ROADMAP 802
-533	0	23	-1
-1746	0	25	-1
ROADMAP 803
1094	0	56	80
-1093	24	79	48
ROADMAP 804
-1723	0	3	-1
ROADMAP 805
ROADMAP 806
-511	0	33	-1
-681	0	68	22
ROADMAP 807
-1614	48	45	19
ROADMAP 808
-581	36	59	15
ROADMAP 809
1672	0	34	80
-1671	33	79	78
ROADMAP 810
1671	45	0	35
ROADMAP 811
ROADMAP 812
ROADMAP 813
ROADMAP 814
ROADMAP 815
-663	0	0	-1
ROADMAP 816
ROADMAP 817
-1593	0	26	-1
ROADMAP 818
ROADMAP 819
1728	48	2	20
1198	48	0	4
ROADMAP 820
-568	0	22	-1
1197	0	0	13
1727	0	0	8
-1198	7	78	60
ROADMAP 1289
-1151	20	63	28
ROADMAP 1290
ROADMAP 1291
ROADMAP 1292
ROADMAP 1293
-9	0	63	-1
-748	0	19	3
ROADMAP 1294
-1159	22	7	-1
-1628	22	79	29
ROADMAP 1295
-590	0	46	-1
ROADMAP 1296
ROADMAP 1297
1571	0	46	80
-1572	36	79	69
ROADMAP 1298
1572	55	0	25
ROADMAP 1299
-1036	7	79	6
ROADMAP 1300
ROADMAP 1301
98	0	42	80
-97	33	79	70
ROADMAP 1302
-642	0	46	-1
-1286	0	2	-1
97	0	0	30
ROADMAP 1303
-1107	0	9	-1
-1551	0	79	9
ROADMAP 1304
ROADMAP 1305
ROADMAP 1306
ROADMAP 1307
ROADMAP 1308
ROADMAP 1309
ROADMAP 1310
ROADMAP 1311
-1057	0	72	2
ROADMAP 1312
ROADMAP 1313
1065	60	0	20
ROADMAP 1314
1066	0	56	80
-1065	23	79	46
ROADMAP 1315
1171	0	61	80
-1172	42	76	57
ROADMAP 1316
1172	59	0	18
ROADMAP 1317
1004	54	0	8
ROADMAP 1318
1003	0	77	80
ROADMAP 1319
ROADMAP 1320
ROADMAP 1725
ROADMAP 1726
-1516	0	42	10
ROADMAP 1727
-568	0	52	-1
1197	0	0	13
ROADMAP 1728
1198	20	0	38
1198	41	59	60
ROADMAP 1729
1121	0	18	67
ROADMAP 1730
1122	14	0	49
ROADMAP 1731
ROADMAP 1732
-504	0	59	-1
ROADMAP 1733
-1158	0	39	-1
91	0	0	18
ROADMAP 1734
92	26	0	29
ROADMAP 1735
-1208	0	15	-1
-33	0	79	15
ROADMAP 1736
ROADMAP 1737
521	25	0	55
ROADMAP 1738
ROADMAP 1739
711	0	31	58
1531	0	0	47
ROADMAP 1740
1532	0	19	80
-20	0	35	16
ROADMAP 1741
1237	67	0	11
ROADMAP 1742
-1237	38	79	37
ROADMAP 1743
-85	1	34	-1
54	1	0	34
ROADMAP 1744
-609	0	72	-1
ROADMAP 1745
534	0	42	72
-46	6	44	9
ROADMAP 1746
533	26	0	54
ROADMAP 1747
1294	0	0	22
-1159	0	7	-1
-1628	0	79	29
ROADMAP 1748
-9	3	79	2
ROADMAP 1749
ROADMAP 1750
ROADMAP 1751
-93	0	30	-1
-574	0	79	30
ROADMAP 1752
-1300	0	42	-1
574	24	0	13
ROADMAP 1753
1182	42	0	37
ROADMAP 1754
1181	0	48	80
-1182	43	79	74
ROADMAP 1755
-1018	6	79	5
ROADMAP 1756
-1606	0	61	-1
ROADMAP 97
ROADMAP 98
ROADMAP 99
-634	0	72	-1
ROADMAP 100
-562	0	12	-1
ROADMAP 101
70	0	67	80
-1161	0	29	7
ROADMAP 102
1542	0	20	80
-1115	0	26	16
ROADMAP 103
-1185	55	16	-1
ROADMAP 104
ROADMAP 105
ROADMAP 106
ROADMAP 107
ROADMAP 108
ROADMAP 109
ROADMAP 110
ROADMAP 111
94	0	24	30
573	0	0	74
ROADMAP 112
1752	0	14	24
574	0	0	70
ROADMAP 113
1652	0	43	80
ROADMAP 114
-658	0	16	-1
1651	28	0	35
ROADMAP 115
ROADMAP 116
ROADMAP 117
ROADMAP 118
ROADMAP 119
-1621	0	39	-1
1289	12	0	20
-1151	12	63	58
ROADMAP 120
1290	0	59	80
1151	35	0	19
ROADMAP 121
735	0	18	64
ROADMAP 122
-1538	0	33	-1
736	0	0	46
ROADMAP 123
ROADMAP 124
-1505	0	32	-1
ROADMAP 125
1652	0	31	80
113	0	0	31
ROADMAP 126
-658	0	4	-1
114	0	0	28
1651	0	0	47
ROADMAP 127
-1295	56	32	8
ROADMAP 128
-1063	0	15	-1
-1563	0	26	-1
-590	0	51	20
ROADMAP 821
ROADMAP 822
-812	44	79	43
ROADMAP 823
1578	12	0	48
1138	12	0	20
ROADMAP 824
1577	0	29	58
ROADMAP 825
ROADMAP 826
ROADMAP 827
1591	0	37	42
-567	0	43	-1
1540	0	0	31
ROADMAP 828
-1009	0	57	-1
58	0	0	6
-1095	0	1	-1
-586	0	21	10
ROADMAP 829
-700	0	59	-1
ROADMAP 830
-542	0	54	-1
ROADMAP 831
ROADMAP 832
-1569	0	18	-1
ROADMAP 833
831	0	0	80
ROADMAP 834
-1569	0	20	-1
832	0	0	46
ROADMAP 835
104	22	0	46
740	22	0	12
ROADMAP 836
103	0	49	55
-1185	0	16	-1
103	0	55	63
-740	20	64	35
ROADMAP 837
1067	70	0	10
ROADMAP 838
-1113	0	33	-1
-1067	0	79	33
ROADMAP 839
ROADMAP 840
ROADMAP 841
-1131	5	79	4
ROADMAP 842
-1648	0	40	-1
ROADMAP 843
-565	5	79	4
ROADMAP 844
-1556	0	24	-1
-1173	0	59	4
ROADMAP 845
-733	0	37	-1
ROADMAP 846
-546	0	13	-1
-660	0	47	-1
ROADMAP 847
13	0	8	80
717	0	0	8
ROADMAP 848
718	0	24	36
14	0	0	68
ROADMAP 849
1232	0	5	30
39	0	0	55
ROADMAP 850
40	3	0	23
1231	3	0	44
ROADMAP 851
ROADMAP 852
ROADMAP 1321
-1615	0	20	-1
769	13	0	46
ROADMAP 1322
-19	0	8	-1
770	0	0	1
ROADMAP 1323
ROADMAP 1324
-106	18	77	15
ROADMAP 1325
-1272	0	74	-1
ROADMAP 1326
ROADMAP 1327
-1077	0	33	32
-1077	21	11	-1
1032	21	0	46
ROADMAP 1328
1009	0	74	80
1031	0	0	17
-1010	0	79	24
ROADMAP 1329
-1710	0	35	-1
766	0	0	10
-1150	0	18	-1
766	0	10	15
ROADMAP 1330
765	29	0	44
ROADMAP 1331
-1045	0	73	-1
ROADMAP 1332
ROADMAP 1333
1072	0	18	80
762	0	0	18
ROADMAP 1334
761	0	15	35
1071	0	0	38
ROADMAP 1335
-1055	0	68	9
ROADMAP 1336
-1586	19	78	17
ROADMAP 1337
1621	0	62	63
34	0	0	45
ROADMAP 1338
33	3	0	77
ROADMAP 1339
-61	0	19	-1
ROADMAP 1340
-1705	0	10	-1
ROADMAP 1341
819	0	16	48
1728	0	2	20
1198	0	0	16
ROADMAP 1342
-568	0	38	-1
1197	0	0	13
1727	0	0	8
820	0	0	7
ROADMAP 1343
-1280	0	22	-1
518	28	0	29
ROADMAP 1344
517	0	59	73
-1239	0	35	-1
-518	16	75	65
ROADMAP 1345
-610	0	75	-1
ROADMAP 1346
ROADMAP 1347
1177	0	15	23
1600	0	0	72
ROADMAP 1348
1599	0	11	80
1178	0	0	10
ROADMAP 1349
ROADMAP 1350
-80	0	30	-1
ROADMAP 1351
-1203	3	63	34
-1602	3	15	-1
-1203	3	34	2
ROADMAP 1352
ROADMAP 1757
-839	0	52	-1
-851	4	79	56
ROADMAP 1758
ROADMAP 1759
ROADMAP 1760
ROADMAP 1761
-1516	21	78	39
ROADMAP 1762
1725	0	54	80
ROADMAP 1763
1533	45	0	35
ROADMAP 1764
1534	0	50	80
-1533	30	79	65
ROADMAP 1765
707	0	35	61
-1133	0	74	20
ROADMAP 1766
1681	2	0	20
708	2	0	58
ROADMAP 1767
-533	0	10	-1
-1746	0	25	-1
802	0	0	30
ROADMAP 1768
801	9	0	12
-92	9	79	20
ROADMAP 1769
12	0	78	80
-11	49	79	52
ROADMAP 1770
-606	0	53	-1
11	0	0	20
ROADMAP 1771
-562	0	17	-1
100	0	0	56
ROADMAP 1772
-634	0	52	-1
99	0	0	5
ROADMAP 1773
736	0	13	59
ROADMAP 1774
735	35	0	41
ROADMAP 1775
ROADMAP 1776
-110	0	40	-1
ROADMAP 1777
ROADMAP 1778
-649	13	12	-1
598	13	0	54
ROADMAP 1779
ROADMAP 1780
ROADMAP 1781
79	0	72	73
-80	47	72	40
ROADMAP 1782
-1350	9	42	-1
80	9	0	5
ROADMAP 1783
-62	0	22	-1
584	28	0	29
ROADMAP 1784
583	0	35	80
-865	0	26	-1
ROADMAP 1785
-1630	0	46	-1
ROADMAP 1786
ROADMAP 1787
1644	58	0	22
ROADMAP 1788
-799	0	47	-1
-1644	0	79	47
ROADMAP 853
ROADMAP 854
ROADMAP 855
-1543	0	69	-1
ROADMAP 856
ROADMAP 857
ROADMAP 858
ROADMAP 859
-1518	0	39	-1
577	0	0	16
ROADMAP 860
578	20	0	49
ROADMAP 861
-575	0	24	-1
-1703	0	33	-1
ROADMAP 862
-1157	0	63	-1
ROADMAP 863
1172	0	76	77
-1315	0	41	-1
-1171	0	79	42
ROADMAP 864
1171	66	0	14
ROADMAP 865
-583	27	79	26
ROADMAP 866
763	0	73	80
-764	27	39	0
ROADMAP 867
1603	0	4	80
ROADMAP 868
1604	0	46	80
648	0	0	46
ROADMAP 869
853	0	11	80
ROADMAP 870
-56	0	6	-1
854	11	0	62
ROADMAP 871
-634	0	49	-1
99	0	0	5
1772	0	0	22
ROADMAP 872
-562	0	27	-1
100	0	0	47
ROADMAP 873
ROADMAP 874
ROADMAP 875
-813	6	79	5
ROADMAP 876
ROADMAP 877
-1181	0	16	-1
ROADMAP 878
ROADMAP 879
ROADMAP 880
-1172	0	17	-1
-1316	0	58	-1
ROADMAP 881
835	50	0	22
104	50	0	8
ROADMAP 882
836	0	15	20
-740	0	64	-1
-104	0	45	35
ROADMAP 883
ROADMAP 884
-751	0	43	-1
-614	0	79	51
ROADMAP 1353
-641	0	43	-1
1070	0	0	35
ROADMAP 1354
1069	0	77	80
-704	0	32	-1
-1070	14	79	55
ROADMAP 1355
1645	0	59	80
-1646	40	79	60
ROADMAP 1356
1646	44	0	29
ROADMAP 1357
1558	0	73	80
-1140	0	0	-1
145	14	0	25
553	14	0	33
ROADMAP 1358
554	0	42	79
-1508	0	79	36
ROADMAP 1359
520	0	27	80
25	0	0	25
ROADMAP 1360
519	0	19	80
ROADMAP 1361
ROADMAP 1362
ROADMAP 1363
-1543	65	79	64
ROADMAP 1364
856	0	58	80
ROADMAP 1365
-106	0	37	-1
-1323	34	79	71
ROADMAP 1366
1323	39	0	41
ROADMAP 1367
-523	0	26	-1
-656	0	15	-1
ROADMAP 1368
-1196	5	22	3
-1526	5	49	-1
-1196	5	3	-1
ROADMAP 1369
-853	0	77	-1
ROADMAP 1370
-699	0	58	-1
ROADMAP 1371
75	0	29	69
1553	0	0	40
ROADMAP 1372
1554	0	33	80
-576	0	32	-1
ROADMAP 1373
-1638	0	28	-1
1558	0	0	51
ROADMAP 1374
-553	0	40	-1
-145	0	24	-1
-1357	0	13	-1
ROADMAP 1375
1290	0	44	80
120	0	0	35
1151	0	0	9
ROADMAP 1376
-1621	0	16	-1
119	0	0	12
1289	0	0	20
-1151	0	63	40
ROADMAP 1377
-1547	0	49	-1
47	0	0	8
ROADMAP 1378
48	21	0	59
ROADMAP 1379
-1587	0	66	-1
544	0	0	13
ROADMAP 1380
-544	34	79	55
ROADMAP 1381
-49	0	72	-1
ROADMAP 1382
ROADMAP 1383
-1003	0	18	-1
1051	0	0	9
594	0	0	20
ROADMAP 1384
593	29	0	25
1052	29	0	26
ROADMAP 1789
619	0	3	14
589	0	0	21
-1063	0	79	40
ROADMAP 1790
-1295	0	15	-1
590	0	0	52
1563	0	0	12
ROADMAP 1791
50	17	0	61
ROADMAP 1792
49	0	11	80
ROADMAP 1793
-1647	0	68	-1
684	0	0	1
ROADMAP 1794
683	0	0	76
ROADMAP 1795
1014	0	4	66
ROADMAP 1796
1013	24	0	51
ROADMAP 1797
-9	0	42	-1
-748	0	19	-1
1628	0	0	17
ROADMAP 1798
1627	0	55	79
1294	6	0	22
-1159	6	7	-1
-1628	6	79	59
ROADMAP 1799
ROADMAP 1800
-1676	0	0	-1
ROADMAP 1801
-1591	0	15	-1
-568	0	79	15
ROADMAP 1802
1728	0	16	20
1198	0	0	38
1728	0	20	41
1198	0	59	76
ROADMAP 1803
-1124	0	5	-1
626	0	0	9
1262	0	0	37
-625	0	79	51
ROADMAP 1804
1261	0	9	52
625	0	0	37
ROADMAP 1805
-751	0	55	-1
-614	0	79	55
ROADMAP 1806
883	0	20	25
ROADMAP 1807
-1509	0	11	-1
-887	50	68	50
ROADMAP 1808
-1296	38	12	-1
887	57	0	10
ROADMAP 1809
ROADMAP 1810
-667	0	66	-1
ROADMAP 1811
-1180	0	3	-1
580	42	0	34
ROADMAP 1812
579	0	44	80
-580	41	79	76
ROADMAP 1813
ROADMAP 1814
ROADMAP 1815
1149	0	35	80
-1710	6	79	51
ROADMAP 1816
765	0	60	80
-1329	13	9	-1
-766	13	14	9
1150	13	0	19
-766	13	9	-1
1710	13	0	3
ROADMAP 1817
ROADMAP 1818
-1361	22	79	35
ROADMAP 1819
-1150	0	7	-1
766	0	10	15
1329	0	0	10
-1816	0	12	-1
-765	0	79	35
ROADMAP 1820
-792	0	24	-1
1330	32	0	5
ROADMAP 129
1257	0	11	58
1640	0	0	32
ROADMAP 130
1258	6	0	50
-1640	6	79	55
ROADMAP 131
1540	0	1	31
-1620	0	2	-1
1060	0	0	21
1540	0	55	65
586	0	0	4
ROADMAP 132
-1031	0	7	-1
-1009	0	79	7
ROADMAP 133
1078	0	9	80
74	5	0	1
ROADMAP 134
-1032	0	37	-1
1077	0	0	40
ROADMAP 135
1699	28	0	46
ROADMAP 136
1700	0	50	80
-1256	0	37	5
ROADMAP 137
ROADMAP 138
ROADMAP 139
1536	0	6	76
ROADMAP 140
1535	20	0	60
ROADMAP 141
874	75	0	4
ROADMAP 142
-874	44	75	39
ROADMAP 143
1194	0	48	76
-1193	28	79	61
ROADMAP 144
1193	44	0	29
ROADMAP 145
553	25	0	41
1508	25	0	14
ROADMAP 146
554	0	38	79
-1508	0	79	40
ROADMAP 147
1157	0	26	80
776	0	0	26
ROADMAP 148
-1733	0	14	-1
-91	0	17	-1
1158	0	0	47
ROADMAP 149
-1515	0	22	-1
ROADMAP 150
ROADMAP 151
1669	29	0	43
ROADMAP 152
1670	0	25	49
ROADMAP 153
1731	0	16	80
ROADMAP 154
-504	4	79	4
ROADMAP 155
-1067	0	13	-1
-837	0	69	3
ROADMAP 156
-1555	0	19	-1
ROADMAP 157
716	73	0	7
ROADMAP 158
-716	39	79	67
ROADMAP 159
ROADMAP 160
-632	0	28	-1
ROADMAP 885
1780	0	51	80
-1779	32	79	60
ROADMAP 886
-1749	0	31	-1
1779	7	0	29
ROADMAP 887
ROADMAP 888
-1509	0	79	-1
ROADMAP 889
-1165	54	51	25
ROADMAP 890
ROADMAP 891
ROADMAP 892
ROADMAP 893
-1232	0	28	-1
1002	0	0	45
ROADMAP 894
1001	0	24	74
ROADMAP 895
-1044	0	57	-1
-615	0	11	-1
-1098	0	32	22
ROADMAP 896
-1040	4	73	-1
1098	4	0	2
ROADMAP 897
-622	0	11	-1
ROADMAP 898
-1662	22	77	26
ROADMAP 899
ROADMAP 900
ROADMAP 901
690	0	59	69
1099	13	0	52
-689	13	60	58
ROADMAP 902
1100	0	14	41
-1092	9	24	23
689	32	0	14
ROADMAP 903
1580	0	42	80
1679	0	0	8
-1579	22	73	61
ROADMAP 904
1680	32	0	26
1579	32	0	17
ROADMAP 905
-78	0	69	-1
ROADMAP 906
1319	0	61	75
ROADMAP 907
-732	0	53	-1
ROADMAP 908
ROADMAP 909
-123	0	10	-1
ROADMAP 910
ROADMAP 911
908	0	35	80
ROADMAP 912
-732	12	79	26
ROADMAP 913
ROADMAP 914
-588	0	31	-1
ROADMAP 915
149	0	26	57
-150	43	79	76
ROADMAP 916
-1626	0	10	-1
150	33	0	36
ROADMAP 1385
-1736	0	48	-1
670	26	0	5
ROADMAP 1386
-670	42	76	66
ROADMAP 1387
1543	0	4	80
-1363	0	64	60
ROADMAP 1388
-1534	0	0	-1
1544	0	0	36
ROADMAP 1389
1094	0	29	80
803	0	0	19
ROADMAP 1390
804	0	2	39
1093	20	0	23
ROADMAP 1391
563	0	20	80
-1167	0	0	-1
-701	2	40	24
ROADMAP 1392
564	0	2	80
701	0	0	2
ROADMAP 1393
551	0	25	70
-572	0	0	-1
-1720	9	37	12
ROADMAP 1394
552	27	0	33
ROADMAP 1395
1580	0	19	80
1679	0	0	8
903	0	0	11
ROADMAP 1396
904	0	22	32
1680	0	0	26
1579	0	0	44
ROADMAP 1397
-811	0	37	-1
ROADMAP 1398
ROADMAP 1399
1042	0	4	48
2	0	0	36
ROADMAP 1400
1	0	29	80
1041	0	0	29
ROADMAP 1401
ROADMAP 1402
-762	0	13	-1
-1072	0	79	13
ROADMAP 1403
ROADMAP 1404
ROADMAP 1405
165	0	24	58
-1045	0	79	33
ROADMAP 1406
1332	0	45	80
166	0	0	30
ROADMAP 1407
-1094	0	20	-1
ROADMAP 1408
ROADMAP 1409
1578	0	3	48
1138	0	0	35
ROADMAP 1410
1577	0	23	80
1137	0	0	10
-661	0	21	8
ROADMAP 1411
-65	0	44	31
-65	0	17	16
-65	0	31	-1
645	0	0	34
ROADMAP 1412
646	0	17	80
ROADMAP 1413
ROADMAP 1414
ROADMAP 1415
856	0	43	80
1364	0	0	7
ROADMAP 1416
1363	0	50	65
ROADMAP 1821
-1800	39	72	44
ROADMAP 1822
-744	5	9	-1
-1676	5	79	14
ROADMAP 1823
-1176	0	4	-1
ROADMAP 1824
ROADMAP 1825
-1668	0	15	-1
ROADMAP 1826
ROADMAP 1827
-1531	0	2	-1
-711	0	57	-1
ROADMAP 1828
-858	0	40	-1
ROADMAP 1829
159	0	29	80
-160	26	50	47
ROADMAP 1830
-632	0	75	-1
160	0	0	4
ROADMAP 1831
1616	0	15	80
ROADMAP 1832
-769	0	5	-1
-1321	0	12	-1
1615	0	0	61
ROADMAP 1833
-45	0	0	-1
611	0	0	14
-651	0	43	-1
-612	0	65	44
ROADMAP 1834
ROADMAP 1835
1503	35	0	45
ROADMAP 1836
1504	0	39	80
ROADMAP 1837
1597	20	0	60
ROADMAP 1838
1598	0	20	80
1130	0	0	20
ROADMAP 1839
-892	0	34	-1
ROADMAP 1840
-1588	23	79	22
ROADMAP 1841
-644	0	62	23
1086	0	0	12
-644	0	23	-1
ROADMAP 1842
1085	0	34	80
ROADMAP 1843
813	0	79	80
-875	0	5	-1
-814	8	79	14
ROADMAP 1844
ROADMAP 1845
860	21	0	20
578	21	0	39
ROADMAP 1846
-1518	0	25	-1
577	0	0	16
859	0	0	24
ROADMAP 1847
ROADMAP 1848
ROADMAP 1849
1648	0	75	80
-1647	35	79	39
ROADMAP 1850
683	0	72	80
-1793	42	7	-1
-684	42	0	-1
1647	42	0	20
ROADMAP 1851
-870	0	6	-1
56	0	0	69
ROADMAP 1852
55	0	26	80
ROADMAP 917
ROADMAP 918
ROADMAP 919
-1043	0	19	-1
ROADMAP 920
ROADMAP 921
-731	5	79	4
ROADMAP 922
ROADMAP 923
1623	0	19	80
ROADMAP 924
1624	4	0	73
ROADMAP 925
-1799	0	30	-1
646	1	0	48
ROADMAP 926
645	0	2	61
-1412	18	16	13
ROADMAP 927
-1637	0	46	-1
ROADMAP 928
-1144	0	12	-1
-528	0	79	12
ROADMAP 929
-630	13	79	12
ROADMAP 930
-1132	0	14	-1
ROADMAP 931
-1828	8	16	-1
501	34	0	29
ROADMAP 932
502	0	66	72
-560	0	1	-1
-501	56	79	70
ROADMAP 933
ROADMAP 934
-1848	0	5	-1
ROADMAP 935
-657	47	79	46
ROADMAP 936
-1692	77	0	-1
657	77	0	2
ROADMAP 937
1100	25	0	32
ROADMAP 938
1099	0	21	52
-689	0	60	59
ROADMAP 939
-603	0	6	-1
-1522	0	79	6
ROADMAP 940
-1260	0	60	-1
ROADMAP 941
ROADMAP 942
ROADMAP 943
1846	0	0	14
-578	7	73	14
ROADMAP 944
-501	0	22	-1
-931	0	33	7
1828	0	0	17
-931	0	7	-1
1845	1	0	5
ROADMAP 945
1270	0	4	71
-1433	0	17	4
ROADMAP 946
1269	33	0	47
ROADMAP 947
ROADMAP 948
-1573	0	22	-1
ROADMAP 1417
ROADMAP 1418
ROADMAP 1419
ROADMAP 1420
-783	2	79	68
ROADMAP 1421
1573	0	46	80
672	23	0	23
ROADMAP 1422
1513	0	75	80
-15	0	35	-1
-1514	0	79	50
ROADMAP 1423
1560	60	0	20
ROADMAP 1424
1559	0	40	80
-1216	0	37	-1
-1560	0	75	73
ROADMAP 1425
1826	0	43	80
ROADMAP 1426
-1668	0	26	-1
1825	0	0	42
ROADMAP 1427
-44	0	4	-1
ROADMAP 1428
ROADMAP 1429
-690	0	42	-1
ROADMAP 1430
ROADMAP 1431
-1323	0	16	-1
-1366	0	38	-1
ROADMAP 1432
-1154	21	74	15
ROADMAP 1433
1269	0	53	80
1275	0	0	7
-1270	18	70	42
ROADMAP 1434
-14	0	25	-1
-718	0	35	-1
1270	0	0	18
ROADMAP 1435
642	0	57	69
-1285	0	33	-1
-641	0	57	23
ROADMAP 1436
1354	0	2	14
-1070	0	79	11
ROADMAP 1437
ROADMAP 1438
ROADMAP 1439
1844	59	0	21
ROADMAP 1440
-814	0	46	-1
-1844	18	79	64
ROADMAP 1441
918	0	50	78
ROADMAP 1442
917	33	0	47
ROADMAP 1443
799	0	46	53
-1643	0	73	35
ROADMAP 1444
ROADMAP 1445
-5	0	24	-1
1652	19	0	36
ROADMAP 1446
1651	0	42	80
-113	4	42	4
ROADMAP 1447
ROADMAP 1448
-1585	0	12	-1
ROADMAP 1853
ROADMAP 1854
-1246	0	2	-1
-729	0	51	-1
ROADMAP 1855
-1540	0	52	-1
567	0	0	27
ROADMAP 1856
568	0	23	80
1591	0	0	17
ROADMAP 1857
ROADMAP 1858
ROADMAP 1859
49	0	70	80
1792	0	0	5
-50	22	79	36
ROADMAP 1860
1791	66	0	14
ROADMAP 1861
-1	0	42	-1
ROADMAP 1862
-50	0	14	-1
-1791	0	16	-1
-1860	0	65	28
ROADMAP 1863
-1736	0	46	-1
1385	0	0	26
670	0	0	7
ROADMAP 1864
1386	0	3	42
-670	0	76	56
ROADMAP 1865
-70	0	41	-1
-1162	0	47	9
ROADMAP 1866
ROADMAP 1867
92	0	57	80
-801	0	11	-1
-1768	0	8	-1
-1733	4	21	-1
-91	4	17	7
ROADMAP 1868
776	0	15	30
-1158	2	79	16
ROADMAP 1869
ROADMAP 1870
ROADMAP 1871
ROADMAP 1872
-543	0	55	-1
ROADMAP 1873
1083	0	53	80
1722	0	0	18
1244	5	0	14
-1084	5	68	52
ROADMAP 1874
1243	0	48	80
1721	0	0	23
1084	0	0	25
ROADMAP 1875
-1599	0	52	-1
ROADMAP 1876
ROADMAP 1877
-152	0	18	-1
-1670	0	48	-1
178	0	0	12
ROADMAP 1878
177	0	16	18
-1674	6	79	7
ROADMAP 1879
-1513	0	3	-1
-16	0	55	-1
18	14	0	6
ROADMAP 1880
17	0	38	39
-507	0	79	0
ROADMAP 1881
ROADMAP 1882
ROADMAP 1883
ROADMAP 1884
ROADMAP 1885
662	14	0	12
1577	14	0	54
ROADMAP 1886
1578	0	22	48
1138	0	0	46
661	0	0	8
ROADMAP 1887
-564	0	65	-1
ROADMAP 1888
-23	7	79	19
ROADMAP 1889
520	0	21	80
25	0	0	20
ROADMAP 1890
519	0	3	80
1360	0	0	2
ROADMAP 1891
1068	0	17	80
-1113	0	54	38
ROADMAP 1892
837	0	65	70
1067	0	0	75
ROADMAP 1893
-745	0	0	-1
-107	0	79	17
ROADMAP 1894
741	0	39	55
ROADMAP 1895
-1567	0	19	-1
539	0	0	60
ROADMAP 1896
540	0	17	65
-1075	6	56	48
ROADMAP 1897
889	0	44	54
-1165	0	51	-1
ROADMAP 1898
890	18	0	62
ROADMAP 1899
-877	0	54	-1
1181	0	0	25
ROADMAP 1900
1182	0	59	80
-1754	0	42	-1
-1181	0	79	69
ROADMAP 1901
1025	0	64	80
-1026	57	79	72
ROADMAP 1902
-785	0	36	-1
1026	0	0	39
ROADMAP 1903
-571	0	7	-1
1005	0	0	72
ROADMAP 1904
1006	0	10	80
-1015	0	32	30
ROADMAP 1905
-1696	0	11	-1
918	47	0	21
ROADMAP 1906
-1441	0	49	-1
-918	0	77	50
ROADMAP 1907
1554	0	14	80
-576	0	32	18
ROADMAP 1908
1553	0	4	80
576	0	0	4
ROADMAP 1909
781	0	20	80
ROADMAP 1910
782	29	0	51
ROADMAP 1911
ROADMAP 1912
ROADMAP 1913
1576	0	1	70
ROADMAP 1914
-1222	0	11	2
1575	0	0	45
-1222	0	2	-1
-760	0	13	12
ROADMAP 1915
-521	0	40	-1
-1737	0	24	-1
ROADMAP 1916
ROADMAP 949
788	0	0	80
ROADMAP 950
-1087	0	76	-1
787	0	0	3
ROADMAP 951
-1785	8	32	-1
1630	8	0	39
ROADMAP 952
-1121	0	51	-1
-1630	17	79	68
ROADMAP 953
936	10	0	68
ROADMAP 954
935	0	28	47
-657	0	79	22
ROADMAP 955
542	0	8	73
ROADMAP 956
541	0	0	80
ROADMAP 957
933	0	5	80
ROADMAP 958
-1848	0	6	-1
934	0	0	73
ROADMAP 959
-143	0	21	-1
-1194	0	75	40
ROADMAP 960
-1236	0	61	-1
ROADMAP 961
ROADMAP 962
ROADMAP 963
1442	37	0	33
917	37	0	7
ROADMAP 964
1441	0	9	52
-917	14	73	50
ROADMAP 965
1034	0	7	22
1024	0	0	65
ROADMAP 966
1023	0	25	80
1033	0	0	25
ROADMAP 967
1237	0	8	80
-1742	0	37	29
ROADMAP 968
-29	0	28	-1
1238	0	9	29
1742	24	0	4
ROADMAP 969
-1549	0	39	-1
-772	11	79	50
ROADMAP 970
-1082	0	23	-1
772	36	0	20
ROADMAP 971
-1568	0	78	-1
-627	0	41	40
ROADMAP 972
627	61	0	19
ROADMAP 973
1290	0	26	80
120	0	0	26
ROADMAP 974
-1621	0	7	-1
119	0	0	12
1289	0	0	20
-1151	0	63	27
ROADMAP 975
-16	0	22	-1
1879	0	0	14
18	0	0	42
507	0	0	1
ROADMAP 976
17	0	13	39
-507	0	79	25
ROADMAP 977
1707	0	19	75
ROADMAP 978
1708	8	0	72
ROADMAP 979
715	66	0	13
ROADMAP 980
716	0	76	80
-158	0	38	-1
-715	2	79	50
ROADMAP 1449
ROADMAP 1450
-167	0	13	-1
ROADMAP 1451
749	0	10	35
1633	0	0	55
ROADMAP 1452
1634	0	23	51
ROADMAP 1453
1053	42	0	35
ROADMAP 1454
1054	0	61	80
-96	0	33	-1
-1053	16	79	68
ROADMAP 1455
-1750	0	12	-1
1126	35	0	32
ROADMAP 1456
-1126	67	68	55
ROADMAP 1457
-513	0	64	-1
ROADMAP 1458
ROADMAP 1459
-1734	0	13	-1
-802	11	29	-1
1746	11	0	9
ROADMAP 1460
-46	0	42	-1
-533	0	79	55
ROADMAP 1461
-567	0	21	-1
1540	0	0	31
-1620	0	2	-1
1060	0	0	20
ROADMAP 1462
-1009	0	77	7
-71	0	2	-1
-1659	0	17	10
ROADMAP 1463
-1779	0	37	-1
-886	0	6	-1
1749	0	0	35
ROADMAP 1464
ROADMAP 1465
1323	0	67	80
-1365	0	33	-1
106	0	0	33
ROADMAP 1466
1324	32	0	18
-106	32	77	47
ROADMAP 1467
ROADMAP 1468
-1671	0	24	-1
-810	0	44	-1
ROADMAP 1469
1702	18	0	29
ROADMAP 1470
1701	0	22	80
ROADMAP 1471
-1190	4	77	1
ROADMAP 1472
-627	0	9	-1
-972	0	60	-1
ROADMAP 1473
-1432	0	0	-1
-1153	21	79	21
ROADMAP 1474
-1048	0	57	-1
-68	0	0	-1
ROADMAP 1475
-881	0	26	-1
1019	22	0	31
ROADMAP 1476
1020	0	40	80
-719	0	11	-1
-1019	12	79	63
ROADMAP 1477
-75	0	28	-1
-1834	15	15	9
ROADMAP 1478
ROADMAP 1479
1745	0	1	6
-46	0	44	-1
-533	0	79	50
ROADMAP 1480
-1734	0	3	-1
1459	0	0	11
-802	0	29	17
ROADMAP 161
-1245	0	60	-1
788	13	0	6
ROADMAP 162
787	0	5	17
-788	31	79	44
ROADMAP 163
-679	9	39	23
ROADMAP 164
1700	0	66	80
-1256	0	37	30
ROADMAP 165
1046	0	53	54
-1045	58	79	59
ROADMAP 166
1332	0	62	80
-1331	30	5	-1
1045	30	0	14
ROADMAP 167
1129	73	0	7
ROADMAP 168
-1597	0	77	34
ROADMAP 169
-569	50	79	51
ROADMAP 170
-1025	0	5	-1
1656	0	0	18
-1655	23	30	-1
569	23	0	2
ROADMAP 171
1064	65	0	15
ROADMAP 172
1063	0	65	80
-589	0	20	-1
-619	0	13	-1
-1564	4	0	-1
-1064	4	79	54
ROADMAP 173
-1220	0	66	-1
-1282	0	39	26
ROADMAP 174
1253	16	0	30
ROADMAP 175
137	0	18	78
-789	0	38	18
ROADMAP 176
138	24	0	37
ROADMAP 177
1673	0	20	77
ROADMAP 178
-1670	0	10	-1
1674	42	0	27
ROADMAP 179
819	0	41	48
1728	0	2	20
1198	0	0	14
ROADMAP 180
-568	0	49	-1
1197	0	0	13
1727	0	0	8
ROADMAP 181
1597	0	22	80
-1130	0	30	8
ROADMAP 182
1598	30	0	50
ROADMAP 183
619	0	5	14
589	0	0	21
-1063	0	79	30
ROADMAP 184
-1295	0	19	-1
590	0	0	51
ROADMAP 185
ROADMAP 186
ROADMAP 187
-621	27	78	25
ROADMAP 188
-1769	0	3	-1
-12	0	79	57
ROADMAP 189
1763	0	15	45
1533	0	0	40
ROADMAP 190
1534	0	8	71
ROADMAP 191
-1645	0	15	-1
ROADMAP 192
-757	0	17	-1
ROADMAP 193
ROADMAP 194
ROADMAP 195
1069	0	14	80
-704	0	32	18
ROADMAP 196
-641	0	19	-1
1070	0	0	60
ROADMAP 197
ROADMAP 198
-1437	59	30	9
ROADMAP 199
-542	0	58	-1
830	0	0	21
ROADMAP 200
-700	0	62	-1
829	0	0	17
ROADMAP 201
510	0	75	78
537	0	0	10
-509	10	79	22
ROADMAP 202
ROADMAP 203
1030	0	16	28
ROADMAP 204
-94	0	7	-1
1029	0	0	54
ROADMAP 205
-788	0	73	1
ROADMAP 206
-730	0	37	13
ROADMAP 207
1529	0	40	79
1187	0	0	3
-796	0	36	-1
-1530	0	52	51
ROADMAP 208
-512	0	57	-1
1530	0	0	22
ROADMAP 209
736	0	19	59
1773	0	0	32
ROADMAP 210
1774	0	21	35
735	0	0	64
ROADMAP 211
-144	0	24	-1
ROADMAP 212
-922	0	47	-1
ROADMAP 213
-724	0	3	-1
ROADMAP 214
555	0	76	80
-1697	28	15	-1
-556	28	79	68
ROADMAP 215
851	0	63	80
-1757	0	3	-1
839	0	0	59
ROADMAP 216
840	0	31	50
852	35	0	26
ROADMAP 217
782	0	17	80
ROADMAP 218
781	28	0	6
ROADMAP 219
-1672	0	72	-1
ROADMAP 220
-655	12	8	-1
-524	12	79	40
ROADMAP 221
61	0	72	75
-62	26	78	27
ROADMAP 222
-584	0	72	-1
-1783	0	27	20
ROADMAP 223
-591	0	38	-1
-1264	0	6	-1
1542	9	0	23
ROADMAP 224
1541	0	48	80
1115	0	0	27
-1542	0	79	64
ROADMAP 1917
818	46	0	31
ROADMAP 1918
817	0	14	36
ROADMAP 1919
-1613	20	55	37
ROADMAP 1920
-1519	0	27	-1
-557	0	50	1
ROADMAP 1921
1478	27	0	10
ROADMAP 1922
-75	0	4	-1
1477	0	0	15
-1834	0	15	9
1477	0	15	45
ROADMAP 1923
1309	0	17	79
ROADMAP 1924
1310	24	0	56
ROADMAP 1925
ROADMAP 1926
ROADMAP 1927
1012	0	5	80
ROADMAP 1928
-780	0	2	-1
1011	0	0	77
ROADMAP 1929
-993	15	15	-1
1417	15	0	49
ROADMAP 1930
1418	0	18	78
ROADMAP 1931
-630	0	2	-1
-930	2	60	-1
1132	2	0	3
ROADMAP 1932
1131	0	76	80
-841	0	4	-1
-1132	32	79	40
ROADMAP 1933
696	38	0	42
ROADMAP 1934
695	0	28	75
-696	26	79	72
ROADMAP 1935
198	0	25	59
-1437	0	30	-1
ROADMAP 1936
197	26	0	48
ROADMAP 1937
580	0	32	80
-1812	0	40	8
ROADMAP 1938
579	28	0	52
ROADMAP 1939
1504	0	45	80
1836	0	0	39
-1503	2	73	69
ROADMAP 1940
1835	1	0	35
1503	1	0	44
ROADMAP 1941
-575	0	25	-1
-1703	0	33	-1
861	0	0	20
ROADMAP 1942
-1157	0	64	0
ROADMAP 1943
-33	0	33	-1
-1338	0	2	-1
-991	0	1	-1
-1736	0	79	38
ROADMAP 1944
-670	0	55	-1
-1385	0	25	1
ROADMAP 1945
9	0	13	80
-1748	0	2	-1
ROADMAP 1946
-1561	0	20	-1
10	0	0	59
ROADMAP 1947
-1596	36	79	35
ROADMAP 1948
ROADMAP 1949
105	0	48	80
1466	3	0	32
1324	3	0	13
ROADMAP 1950
-1365	0	33	-1
106	0	0	46
ROADMAP 1951
-931	0	11	7
1828	0	0	8
ROADMAP 1952
859	0	2	24
1846	0	0	14
943	0	0	7
-578	0	73	37
ROADMAP 1953
ROADMAP 1954
-629	3	49	-1
ROADMAP 1955
-42	3	79	2
ROADMAP 1956
ROADMAP 1957
-580	0	71	-1
-1811	0	41	33
ROADMAP 1958
-1180	1	79	6
ROADMAP 1959
ROADMAP 1960
648	0	0	15
ROADMAP 1961
24	0	8	68
ROADMAP 1962
23	0	2	75
ROADMAP 1963
1257	17	0	58
1640	17	0	5
ROADMAP 1964
1258	0	9	50
-1640	0	79	40
ROADMAP 1965
-36	15	23	-1
-1205	29	41	14
ROADMAP 1966
ROADMAP 1967
-1618	0	10	-1
1581	0	0	69
ROADMAP 1968
1582	9	0	2
ROADMAP 1969
ROADMAP 1970
ROADMAP 1971
1017	9	0	71
ROADMAP 1972
999	0	33	39
1018	0	0	74
ROADMAP 1973
-1670	0	17	-1
178	0	0	42
1674	0	0	20
ROADMAP 1974
1673	0	50	77
177	0	0	18
1878	0	0	6
-1674	0	79	50
ROADMAP 1975
-832	0	17	-1
1569	0	0	62
ROADMAP 1976
1570	0	36	74
-1631	2	54	14
ROADMAP 1977
-1518	0	71	-1
577	0	0	8
ROADMAP 1978
578	0	5	74
-943	0	6	-1
-1846	0	13	9
ROADMAP 1979
821	0	75	80
812	1	0	74
ROADMAP 1980
811	0	16	80
822	0	0	14
ROADMAP 225
506	52	0	20
ROADMAP 226
505	0	39	69
ROADMAP 227
-1131	0	44	-1
ROADMAP 228
-1648	0	77	-1
842	0	0	2
ROADMAP 229
-858	0	17	-1
1828	0	0	17
-931	0	7	6
-858	20	46	25
ROADMAP 230
-711	0	4	-1
1827	0	0	15
858	16	25	55
-1828	19	26	15
ROADMAP 231
1777	0	10	80
ROADMAP 232
1778	13	0	13
-649	13	12	-1
598	13	0	41
ROADMAP 233
-1269	0	51	-1
-946	0	32	4
ROADMAP 234
-1916	3	79	2
ROADMAP 235
-1308	0	47	-1
ROADMAP 236
ROADMAP 237
225	70	0	10
ROADMAP 238
-506	49	33	4
ROADMAP 239
-772	0	29	-1
-970	0	35	-1
1082	0	0	14
ROADMAP 240
-1082	43	79	42
ROADMAP 241
-586	0	10	-1
-1540	0	64	54
-1060	0	20	-1
1620	0	0	3
-1540	0	30	-1
567	0	0	3
ROADMAP 242
568	0	36	73
ROADMAP 243
1305	0	54	69
-1306	50	79	64
ROADMAP 244
1306	43	0	37
ROADMAP 245
567	0	16	44
-1591	0	41	-1
-568	0	79	69
ROADMAP 246
1198	0	41	79
-820	0	6	-1
-1727	0	7	2
ROADMAP 247
-1168	0	32	-1
ROADMAP 248
ROADMAP 249
-1413	29	73	22
ROADMAP 250
ROADMAP 251
-1319	0	31	-1
1948	26	0	22
ROADMAP 252
-1596	0	45	-1
ROADMAP 253
591	0	61	80
1119	5	0	13
1088	5	0	40
ROADMAP 254
1087	0	23	80
1120	0	0	4
592	5	0	10
ROADMAP 255
-236	29	79	38
ROADMAP 256
ROADMAP 257
514	42	0	38
ROADMAP 258
513	0	41	80
ROADMAP 259
1309	19	0	61
ROADMAP 260
1310	0	17	80
-1923	8	17	14
ROADMAP 261
1553	0	41	80
576	0	0	33
-1554	0	79	71
ROADMAP 262
1703	0	28	34
575	0	0	44
1554	0	0	30
ROADMAP 263
-1674	0	0	-1
-178	0	41	-1
1670	0	0	37
ROADMAP 264
1669	0	17	43
151	0	29	37
-152	32	52	38
ROADMAP 265
ROADMAP 266
ROADMAP 267
1032	0	22	58
1010	0	0	44
ROADMAP 268
1009	0	26	80
1031	0	0	10
ROADMAP 269
-1010	0	76	17
ROADMAP 270
133	0	1	5
74	0	0	7
ROADMAP 271
-1437	0	6	-1
1935	0	0	15
-197	16	79	37
ROADMAP 272
1936	46	0	3
ROADMAP 273
ROADMAP 274
1912	0	75	80
-1911	27	79	76
ROADMAP 275
1883	0	40	80
ROADMAP 276
ROADMAP 277
ROADMAP 278
-41	2	79	28
ROADMAP 279
-856	0	39	-1
ROADMAP 280
-248	18	17	-1
ROADMAP 281
-1779	0	66	-1
-886	0	6	-1
1749	0	0	6
ROADMAP 282
1464	0	43	47
-1749	33	79	42
ROADMAP 283
ROADMAP 284
-1661	5	79	48
ROADMAP 285
1266	0	0	5
1590	0	0	61
ROADMAP 286
1589	0	26	80
-654	0	7	-1
1265	0	0	13
1921	2	0	3
ROADMAP 287
1527	0	14	80
257	7	0	7
ROADMAP 288
1528	8	0	21
-514	8	41	31
ROADMAP 289
-1170	0	27	3
ROADMAP 290
-1037	0	40	-1
-798	0	25	-1
-686	0	79	66
ROADMAP 291
1021	0	51	80
-1022	20	79	48
ROADMAP 292
-947	0	59	-1
1022	9	0	11
ROADMAP 293
-779	0	41	-1
763	2	0	36
ROADMAP 294
764	0	0	40
-866	0	26	13
ROADMAP 295
-1702	0	15	-1
-1469	0	17	-1
ROADMAP 296
-674	23	79	22
ROADMAP 297
961	0	39	80
-962	26	76	63
ROADMAP 298
962	52	0	28
ROADMAP 299
1215	0	62	64
1559	0	0	78
ROADMAP 300
1560	0	5	76
1216	0	0	9
ROADMAP 301
804	0	3	39
1390	0	0	20
1093	0	0	24
ROADMAP 302
1094	0	56	80
803	0	0	24
-1093	0	79	47
ROADMAP 303
-610	0	68	-1
1345	0	0	4
ROADMAP 304
1346	12	0	68
ROADMAP 305
1284	26	0	17
-1642	26	79	42
ROADMAP 306
1283	0	33	80
1642	13	0	19
ROADMAP 307
-197	0	37	-1
-1936	0	25	-1
-272	0	45	29
ROADMAP 308
-941	0	60	34
ROADMAP 309
1858	4	0	24
-1326	20	69	33
ROADMAP 310
1857	0	1	80
ROADMAP 311
1083	46	0	34
ROADMAP 312
1084	0	44	69
-1244	0	13	-1
-1873	0	4	-1
-1722	0	17	-1
-1083	0	79	61
ROADMAP 313
-266	0	42	-1
ROADMAP 314
-725	17	79	18
ROADMAP 315
-1718	33	79	32
ROADMAP 316
1718	78	0	2
ROADMAP 317
55	11	0	69
ROADMAP 318
-870	0	1	-1
56	0	0	57
ROADMAP 319
961	35	0	41
ROADMAP 320
962	0	37	77
-297	0	25	5
ROADMAP 321
812	0	45	80
-822	0	43	-1
-811	0	79	78
ROADMAP 322
-1397	0	26	-1
811	0	0	48
ROADMAP 323
1834	0	12	80
612	0	0	12
ROADMAP 324
611	0	7	14
-651	0	43	2
ROADMAP 325
1172	0	70	77
-1315	0	41	-1
-1171	0	79	55
ROADMAP 326
864	8	0	47
ROADMAP 327
21	0	53	79
-1487	3	20	-1
28	3	0	29
ROADMAP 328
27	0	49	80
-1695	5	29	12
ROADMAP 329
1040	0	31	74
-896	0	3	-1
1034	10	0	22
1024	10	0	1
ROADMAP 330
1033	0	5	42
-1024	15	79	51
ROADMAP 331
-265	0	8	-1
ROADMAP 332
767	0	8	23
-1273	6	79	23
ROADMAP 333
1705	0	42	58
32	0	0	11
1061	0	0	52
ROADMAP 334
1062	0	5	80
1706	0	0	5
ROADMAP 335
-1731	0	40	-1
ROADMAP 336
ROADMAP 337
-789	0	2	-1
-138	20	46	-1
-176	20	23	13
ROADMAP 338
ROADMAP 339
1275	0	0	7
1433	0	0	18
-1270	0	70	21
ROADMAP 340
-14	0	75	-1
-718	0	35	31
ROADMAP 341
-705	0	5	-1
1826	59	0	15
ROADMAP 342
1825	0	58	64
-1425	22	30	14
ROADMAP 343
-523	0	15	-1
-656	0	15	-1
1367	0	0	20
ROADMAP 344
1368	3	0	5
-1196	3	22	3
-1526	3	49	-1
-1196	3	3	0
ROADMAP 345
1070	0	1	80
-1354	0	13	12
ROADMAP 346
1069	0	1	24
ROADMAP 347
-82	0	23	-1
ROADMAP 348
ROADMAP 349
-279	65	34	19
ROADMAP 350
-1415	0	6	-1
-1364	0	6	-1
-856	0	79	13
ROADMAP 351
ROADMAP 352
-30	21	74	23
ROADMAP 353
-1514	0	28	-1
-672	0	30	-1
-1421	0	22	17
ROADMAP 354
-948	0	17	-1
1573	0	0	60
ROADMAP 355
673	31	0	48
ROADMAP 356
674	0	46	80
-296	0	22	-1
-673	19	79	75
ROADMAP 357
-1954	10	23	2
629	10	0	49
ROADMAP 358
630	0	37	80
-929	0	12	-1
ROADMAP 359
-628	0	3	-1
-1567	0	41	-1
539	0	0	34
ROADMAP 360
1896	0	0	6
-1075	0	56	48
ROADMAP 361
-1323	0	18	-1
-1366	0	38	-1
1431	0	0	11
ROADMAP 362
1432	0	8	21
-1154	0	74	17
ROADMAP 363
-165	0	6	-1
-1046	0	53	-1
786	0	0	11
ROADMAP 364
-1026	0	5	-1
785	0	0	23
ROADMAP 365
732	0	59	80
-912	0	11	-1
921	12	0	5
-731	12	79	51
ROADMAP 366
922	0	54	67
ROADMAP 367
ROADMAP 368
-1235	0	59	16
ROADMAP 369
-37	0	20	-1
-1234	0	64	6
ROADMAP 370
-661	0	1	-1
-1138	0	45	8
ROADMAP 371
1884	0	47	69
-275	0	39	-1
-1883	0	79	61
ROADMAP 372
1883	52	0	28
ROADMAP 373
1673	64	0	16
ROADMAP 374
1674	0	54	80
-1878	0	5	-1
-177	0	17	-1
-1673	0	76	46
ROADMAP 375
-1099	0	40	-1
-901	0	12	-1
-690	0	68	42
ROADMAP 376
ROADMAP 377
1673	0	3	77
177	0	0	6
ROADMAP 378
178	0	22	42
1674	0	0	60
ROADMAP 379
1010	0	75	80
-1031	0	16	-1
-1009	0	79	21
ROADMAP 380
-567	0	8	-1
1540	0	0	59
ROADMAP 381
1047	0	48	80
-1271	0	27	-1
-1048	5	79	64
ROADMAP 382
-1153	0	16	-1
-1474	19	20	-1
68	19	0	1
1048	19	0	22
ROADMAP 383
-593	0	42	24
-1052	0	35	-1
-593	0	24	-1
-1384	0	28	27
ROADMAP 384
-1780	0	47	-1
1384	23	0	7
ROADMAP 385
821	0	79	80
1979	0	0	1
812	0	0	78
ROADMAP 386
811	0	11	80
822	0	0	11
ROADMAP 387
1158	0	49	80
-1868	0	1	-1
-776	0	29	-1
-1157	0	79	62
ROADMAP 388
861	0	18	21
-862	26	15	-1
1157	26	0	35
ROADMAP 389
1996	0	46	70
617	36	0	20
ROADMAP 390
-21	0	1	-1
618	0	0	43
1995	20	0	8
-617	20	79	72
ROADMAP 391
ROADMAP 392
ROADMAP 393
ROADMAP 394
ROADMAP 395
1047	0	49	80
-1271	0	27	-1
381	0	0	5
-1048	0	79	63
ROADMAP 396
-1153	0	5	-1
382	0	0	19
-1474	0	20	-1
68	0	0	1
1048	0	0	33
ROADMAP 397
ROADMAP 398
ROADMAP 399
397	28	0	52
ROADMAP 400
398	0	41	75
ROADMAP 401
1779	0	75	80
-885	0	31	-1
-1780	0	79	36
ROADMAP 402
-593	0	18	-1
-1384	0	28	-1
-384	0	22	-1
1780	0	0	9
ROADMAP 403
-1080	0	29	-1
ROADMAP 404
-1117	0	70	-1
-728	0	52	43
ROADMAP 405
1078	0	4	80
133	0	0	4
ROADMAP 406
-1032	0	43	-1
1077	0	0	11
ROADMAP 407
-1589	0	74	-1
ROADMAP 408
-720	3	45	41
653	3	0	34
ROADMAP 409
1963	0	12	17
1257	0	0	58
1640	0	0	3
ROADMAP 410
130	0	2	6
1258	0	0	50
-1640	0	79	69
ROADMAP 411
-574	0	46	-1
-1752	0	23	-1
1300	0	0	9
ROADMAP 412
-1036	0	7	-1
-1300	27	79	34
ROADMAP 413
ROADMAP 414
ROADMAP 415
997	0	7	18
-1304	0	79	10
ROADMAP 416
998	1	0	68
ROADMAP 417
1141	0	48	80
-1146	22	22	-1
-1142	22	11	8
ROADMAP 418
-648	0	23	-1
-1604	0	79	57
ROADMAP 419
-355	0	25	-1
1444	50	0	4
ROADMAP 420
-800	0	32	-1
-1444	2	79	34
ROADMAP 421
-1727	0	6	-1
-1197	0	12	-1
568	0	0	60
ROADMAP 422
567	0	14	44
-1591	0	41	-1
-568	0	79	71
ROADMAP 423
-1996	0	16	-1
1125	20	0	15
ROADMAP 424
1126	0	40	69
-1456	0	66	26
ROADMAP 425
754	75	0	5
ROADMAP 426
753	0	39	65
-754	10	79	54
ROADMAP 427
-795	0	1	-1
1283	0	0	78
ROADMAP 428
305	0	12	26
1284	0	0	17
-1642	0	79	34
ROADMAP 429
ROADMAP 430
ROADMAP 431
-617	0	37	-1
-389	0	35	-1
-1996	0	69	63
ROADMAP 432
-1125	0	38	-1
-423	0	19	-1
1996	0	0	7
ROADMAP 433
1749	0	61	80
-282	0	32	-1
-1464	0	46	18
ROADMAP 434
-1455	0	28	-1
1750	0	0	15
1464	30	0	6
ROADMAP 435
1024	0	45	80
-330	0	14	-1
-1033	0	41	11
ROADMAP 436
1023	10	0	70
ROADMAP 437
-1540	0	56	-1
567	0	0	16
ROADMAP 438
568	0	46	80
ROADMAP 439
1969	56	0	24
ROADMAP 440
1970	0	58	80
-1969	32	79	53
ROADMAP 441
1009	0	53	80
1031	0	0	17
-1010	0	79	43
ROADMAP 442
-1077	0	11	-1
1032	0	0	58
1010	0	0	9
ROADMAP 443
-3	14	79	13
ROADMAP 444
1128	0	65	79
-664	24	20	-1
-1127	24	53	32
ROADMAP 445
-1700	0	12	-1
-1255	12	79	24
ROADMAP 446
ROADMAP 447
1970	0	74	80
440	0	0	32
-1969	0	79	37
ROADMAP 448
439	9	0	56
1969	9	0	15
ROADMAP 449
ROADMAP 450
-1775	0	36	-1
ROADMAP 451
ROADMAP 452
ROADMAP 453
1079	0	8	63
ROADMAP 454
1080	0	17	79
793	0	0	9
723	0	0	9
ROADMAP 455
1710	0	73	80
-1815	0	5	-1
-1149	0	79	49
ROADMAP 456
1709	69	0	5
ROADMAP 457
1414	0	66	80
249	8	0	29
-1413	8	73	59
ROADMAP 458
250	0	6	33
ROADMAP 459
-821	0	2	-1
ROADMAP 460
-1786	0	2	-1
ROADMAP 461
1710	0	62	80
-1815	0	5	-1
-1149	0	79	23
ROADMAP 462
456	0	50	69
1709	0	0	45
1149	0	0	16
ROADMAP 463
1351	5	0	3
-1203	5	63	34
-1602	5	15	-1
-1203	5	34	12
ROADMAP 464
1352	3	0	77
ROADMAP 465
-512	0	67	-1
1530	0	0	12
ROADMAP 466
1529	0	49	79
1187	0	0	3
-796	0	36	1
ROADMAP 467
1009	0	70	80
1031	0	0	17
-1010	0	79	27
ROADMAP 468
1327	0	10	21
-1077	0	11	-1
1032	0	0	40
ROADMAP 469
-1307	0	73	-1
ROADMAP 470
-237	0	61	-1
ROADMAP 471
-1514	0	45	-1
-672	0	30	-1
-1421	0	22	19
ROADMAP 472
-948	0	13	-1
1573	0	0	61
ROADMAP 473
1884	0	33	69
-275	0	39	-1
-1883	0	79	75
ROADMAP 474
372	0	6	52
1883	0	0	32
ROADMAP 475
924	56	0	4
1624	56	0	19
ROADMAP 476
923	0	3	19
-924	32	6	3
-1624	32	72	47
ROADMAP 477
1953	0	0	80
ROADMAP 478
-629	0	36	-1
1954	0	3	24
-357	0	9	3
ROADMAP 479
1408	0	16	27
ROADMAP 480
-1094	0	25	-1
1407	0	0	48
ROADMAP 1981
-715	0	70	-1
-979	0	65	56
ROADMAP 1982
979	47	0	33
ROADMAP 1983
-635	0	3	-1
-1210	0	55	-1
791	8	0	12
ROADMAP 1984
792	0	44	80
-791	26	79	68
ROADMAP 1985
ROADMAP 1986
-1759	34	79	33
ROADMAP 1987
582	0	14	80
ROADMAP 1988
807	0	47	48
-1614	0	45	16
ROADMAP 1989
1366	0	5	39
1323	0	0	46
ROADMAP 1990
-106	0	50	-1
1365	0	0	29
ROADMAP 1991
-1562	0	77	-1
ROADMAP 1992
-1243	0	60	-1
ROADMAP 1993
644	0	49	68
-643	40	72	63
ROADMAP 1994
643	50	0	20
ROADMAP 1995
-617	8	79	7
ROADMAP 1996
ROADMAP 1997
1593	0	11	80
ROADMAP 1998
549	0	71	80
-1109	0	21	-1
1594	0	0	7
-550	0	79	38
ROADMAP 1999
940	0	0	17
-1490	0	36	-1
1522	0	0	26
ROADMAP 2000
1521	0	29	80
-603	6	12	-1
-1522	6	79	71
ROADMAP 481
14	0	60	80
-717	9	36	-1
-13	9	79	65
ROADMAP 482
-680	66	4	-1
13	66	0	9
ROADMAP 483
-1882	0	70	-1
ROADMAP 484
-1214	0	9	-1
ROADMAP 485
ROADMAP 486
-1550	60	33	20
ROADMAP 487
-528	0	57	-1
ROADMAP 488
-1637	1	79	0
ROADMAP 489
914	0	41	48
-913	43	79	50
ROADMAP 490
913	68	0	2
ROADMAP 491
-1635	0	62	-1
ROADMAP 492
-994	0	18	-1
1712	5	0	54
ROADMAP 493
-15	0	34	-1
-1514	0	79	39
ROADMAP 494
1573	0	53	80
1421	0	0	23
672	0	0	30
ROADMAP 495
1725	20	0	60
ROADMAP 496
-1516	0	27	12
ROADMAP 497
942	68	0	10
ROADMAP 498
941	0	60	80
ROADMAP 499
1450	0	36	66
ROADMAP 500
ROADMAP 981
140	74	0	6
ROADMAP 982
-1535	15	79	14
ROADMAP 983
-1547	14	79	31
ROADMAP 984
48	0	32	80
-1377	29	6	3
ROADMAP 985
-1587	0	16	-1
544	0	0	63
ROADMAP 986
543	0	20	66
1380	2	0	32
ROADMAP 987
1626	0	5	80
ROADMAP 988
-1617	0	30	-1
1625	0	0	44
ROADMAP 989
-530	14	44	-1
ROADMAP 990
ROADMAP 991
1736	0	76	80
1338	2	0	3
33	2	0	49
ROADMAP 992
1621	0	57	63
34	0	0	63
ROADMAP 993
-1417	0	15	-1
-1929	16	14	-1
ROADMAP 994
ROADMAP 995
-1508	0	60	-1
-553	0	40	21
ROADMAP 996
1558	0	22	80
-1140	0	0	-1
1357	0	0	14
145	0	0	7
ROADMAP 997
-1304	18	79	17
ROADMAP 998
ROADMAP 999
-1606	0	19	-1
1756	0	0	18
1018	39	0	1
ROADMAP 1000
1017	0	55	80
1755	5	0	6
-1018	5	79	35
ROADMAP 1481
-1587	0	26	-1
544	0	0	53
ROADMAP 1482
543	0	16	66
ROADMAP 1483
1072	0	20	80
762	0	0	20
ROADMAP 1484
761	2	0	35
1071	2	0	33
ROADMAP 1485
1232	0	2	30
39	0	0	52
ROADMAP 1486
40	0	22	23
1231	0	0	74
ROADMAP 1487
22	0	28	40
-28	0	40	-1
ROADMAP 1488
-618	0	29	-1
21	0	0	43
ROADMAP 1489
-545	0	53	-1
-1260	0	65	39
ROADMAP 1490
-1522	0	31	-1
-940	37	16	5
ROADMAP 1491
-689	0	41	-1
-902	0	31	8
1092	0	24	25
-902	0	8	-1
ROADMAP 1492
937	40	0	25
1100	40	0	10
ROADMAP 1493
1071	0	40	78
-762	2	29	-1
-1072	2	79	69
ROADMAP 1494
1401	0	35	80
1072	8	0	27
ROADMAP 1495
607	0	0	80
ROADMAP 1496
608	16	0	64
ROADMAP 1497
-583	0	54	-1
764	0	0	25
ROADMAP 1498
763	0	2	80
866	0	0	2
ROADMAP 1499
ROADMAP 1500
-1066	0	42	-1
